house
[-48.97078589   4.67         9.47        17.37        17.37         2.55        33.55        18.15        18.15      ]
****
*u*
[ 1.1   4.67  9.47 17.37 17.37  2.55 33.55 18.15 18.15]
*u*
*w*
[ 1.         -0.09536298 -0.1933806  -0.35470127 -0.35470127 -0.05207186 -0.68510234 -0.37062913 -0.37062913]
betta
0.9780311017618518
ADASDAD
0 9 9
H
[[ 0.0219689   0.09326796  0.18913224  0.34690887  0.34690887  0.0509279   0.6700514   0.36248682  0.36248682]
 [ 0.09326796  0.99110569 -0.01803621 -0.03308226 -0.03308226 -0.00485664 -0.0638981  -0.03456782 -0.03456782]
 [ 0.18913224 -0.01803621  0.96342549 -0.06708545 -0.06708545 -0.00984847 -0.12957494 -0.07009792 -0.07009792]
 [ 0.34690887 -0.03308226 -0.06708545  0.87695098 -0.12304902 -0.01806419 -0.23766808 -0.12857454 -0.12857454]
 [ 0.34690887 -0.03308226 -0.06708545 -0.12304902  0.87695098 -0.01806419 -0.23766808 -0.12857454 -0.12857454]
 [ 0.0509279  -0.00485664 -0.00984847 -0.01806419 -0.01806419  0.99734809 -0.03489082 -0.01887536 -0.01887536]
 [ 0.6700514  -0.0638981  -0.12957494 -0.23766808 -0.23766808 -0.03489082  0.54094622 -0.24834057 -0.24834057]
 [ 0.36248682 -0.03456782 -0.07009792 -0.12857454 -0.12857454 -0.01887536 -0.24834057  0.86565182 -0.13434818]
 [ 0.36248682 -0.03456782 -0.07009792 -0.12857454 -0.12857454 -0.01887536 -0.24834057 -0.13434818  0.86565182]]

[[1.1000e+00 1.1500e+00 3.3400e+01 7.1900e+00 2.3100e+00 3.5670e+00 4.6700e+00 1.0400e+01 1.0000e+00]
 [4.6700e+00 6.7500e+00 2.2700e+01 1.8900e+00 4.2100e+00 9.5370e+00 9.6700e+00 1.0400e+01 1.0000e+00]
 [9.4700e+00 4.5500e+00 1.3400e+01 8.5600e+00 7.2100e+00 1.0537e+01 1.4670e+01 7.0340e+02 1.0000e+00]
 [1.7370e+01 8.5100e+00 5.3400e+01 7.7560e+01 9.3500e+00 1.5517e+01 1.9370e+01 7.1340e+02 1.0000e+00]
 [1.7370e+01 8.5100e+00 5.3400e+01 7.7560e+01 9.3500e+00 1.5517e+01 1.9370e+01 7.1340e+02 1.0000e+00]
 [2.5500e+00 1.8510e+01 5.2500e+01 5.7453e+02 3.5000e-01 1.1170e+01 1.4700e+00 7.3400e+01 1.0000e+00]
 [3.3550e+01 2.1510e+01 1.5500e+01 5.1355e+02 9.3500e+00 1.4170e+01 7.7450e+01 9.4100e+01 1.0000e+00]
 [1.8150e+01 3.4110e+01 2.4500e+01 5.1550e+01 1.6350e+01 1.3170e+01 1.2345e+02 1.8991e+01 1.0000e+00]
 [1.8150e+01 3.4110e+01 2.4500e+01 5.1550e+01 1.6350e+01 1.3170e+01 1.2345e+02 1.8991e+01 1.0000e+00]]
MATRIX
[[ 5.00707859e+01  4.75040956e+01  7.32565494e+01  4.66502602e+02  2.64303701e+01  3.33381118e+01  1.58686656e+02  7.09761584e+02  2.44413979e+00]
 [-1.29792695e-17  2.32953538e+00  1.88991607e+01 -4.19114178e+01  1.90980967e+00  6.69793810e+00 -5.01748709e+00 -5.62932037e+01  8.62282529e-01]
 [-9.56484518e-16 -4.41398286e+00  5.69251653e+00 -8.02621469e+01  2.54558835e+00  4.77984450e+00 -1.51138336e+01  5.68157037e+02  7.20731380e-01]
 [-5.14774289e-15 -7.93185663e+00  3.92628313e+01 -8.53587637e+01  7.94474084e-01  4.95714879e+00 -3.52599038e+01  4.65335557e+02  4.87761782e-01]
 [-5.14774289e-15 -7.93185663e+00  3.92628313e+01 -8.53587637e+01  7.94474084e-01  4.95714879e+00 -3.52599038e+01  4.65335557e+02  4.87761782e-01]
 [ 7.22112981e-18  1.60962559e+01  5.04245953e+01  5.50612738e+02 -9.05992578e-01  9.61976278e+00 -6.54993407e+00  3.69829402e+01  9.24800952e-01]
 [-3.98805885e-15 -1.02472994e+01 -1.18058152e+01  1.98873862e+02 -7.17492196e+00 -6.22625838e+00 -2.80671717e+01 -3.85034257e+02  1.06164524e-02]
 [-4.57172448e-16  1.69298217e+01  9.72800159e+00 -1.18684632e+02  7.41028812e+00  2.13595858e+00  6.63669399e+01 -2.40212779e+02  4.64759720e-01]
 [-1.77635684e-15  1.69298217e+01  9.72800159e+00 -1.18684632e+02  7.41028812e+00  2.13595858e+00  6.63669399e+01 -2.40212779e+02  4.64759720e-01]]
[ 1.         -0.09536298 -0.1933806  -0.35470127 -0.35470127 -0.05207186 -0.68510234 -0.37062913 -0.37062913]
[[ 5.00707859e+01  4.75040956e+01  7.32565494e+01  4.66502602e+02  2.64303701e+01  3.33381118e+01  1.58686656e+02  7.09761584e+02  2.44413979e+00]
 [-9.53629785e-02  2.32953538e+00  1.88991607e+01 -4.19114178e+01  1.90980967e+00  6.69793810e+00 -5.01748709e+00 -5.62932037e+01  8.62282529e-01]
 [-1.93380601e-01 -4.41398286e+00  5.69251653e+00 -8.02621469e+01  2.54558835e+00  4.77984450e+00 -1.51138336e+01  5.68157037e+02  7.20731380e-01]
 [-3.54701271e-01 -7.93185663e+00  3.92628313e+01 -8.53587637e+01  7.94474084e-01  4.95714879e+00 -3.52599038e+01  4.65335557e+02  4.87761782e-01]
 [-3.54701271e-01 -7.93185663e+00  3.92628313e+01 -8.53587637e+01  7.94474084e-01  4.95714879e+00 -3.52599038e+01  4.65335557e+02  4.87761782e-01]
 [-5.20718619e-02  1.60962559e+01  5.04245953e+01  5.50612738e+02 -9.05992578e-01  9.61976278e+00 -6.54993407e+00  3.69829402e+01  9.24800952e-01]
 [-6.85102340e-01 -1.02472994e+01 -1.18058152e+01  1.98873862e+02 -7.17492196e+00 -6.22625838e+00 -2.80671717e+01 -3.85034257e+02  1.06164524e-02]
 [-3.70629135e-01  1.69298217e+01  9.72800159e+00 -1.18684632e+02  7.41028812e+00  2.13595858e+00  6.63669399e+01 -2.40212779e+02  4.64759720e-01]
 [-3.70629135e-01  1.69298217e+01  9.72800159e+00 -1.18684632e+02  7.41028812e+00  2.13595858e+00  6.63669399e+01 -2.40212779e+02  4.64759720e-01]]
house
[-821.98240087   73.25654939  466.50260193   26.43037005   33.33811184  158.68665646  709.76158384    2.44413979]
v
*v*
[ 47.5040956   73.25654939 466.50260193  26.43037005  33.33811184 158.68665646 709.76158384   2.44413979]
*v*
[ 1.         -0.0891218  -0.56753356 -0.03215442 -0.04055818 -0.19305359 -0.8634754  -0.00297347]
gamma
0.9453653440330028
[[ 5.00707859e+01  8.69486496e+02 -8.91217979e-02 -5.67533565e-01 -3.21544233e-02 -4.05581820e-02 -1.93053594e-01 -8.63475402e-01 -2.97346973e-03]
 [-9.53629785e-02 -6.73175678e+01  2.51062358e+01 -2.38434904e+00  4.14927211e+00  9.52269799e+00  8.42813647e+00  3.84535674e+00  1.06937608e+00]
 [-1.93380601e-01  4.18466418e+02 -3.19953451e+01 -3.20260968e+02 -1.10518871e+01 -1.23714158e+01 -9.67524146e+01  2.03010213e+02 -5.36690690e-01]
 [-3.54701271e-01  3.30711124e+02  9.08235997e+00 -2.77550022e+02 -1.00943957e+01 -8.77759487e+00 -1.00636148e+02  1.72925673e+02 -5.19182871e-01]
 [-3.54701271e-01  3.30711124e+02  9.08235997e+00 -2.77550022e+02 -1.00943957e+01 -8.77759487e+00 -1.00636148e+02  1.72925673e+02 -5.19182871e-01]
 [-5.20718619e-02  3.29883843e+02  2.24592813e+01  3.72527750e+02 -1.09956515e+01 -3.10689131e+00 -6.71277555e+01 -2.33964923e+02 -8.23694012e-03]
 [-6.85102340e-01 -2.14736009e+02  6.41858616e+00  3.14928068e+02 -5.99705450e-01  2.06743191e+00  1.14101085e+01 -2.08463287e+02  6.18657439e-01]
 [-3.70629135e-01 -2.45597681e+02  3.31249246e+01  3.03085371e+01  1.58517086e+01  1.27835968e+01  1.17048818e+02 -1.35267380e+01  1.24537730e+00]
 [-3.70629135e-01 -2.45597681e+02  3.31249246e+01  3.03085371e+01  1.58517086e+01  1.27835968e+01  1.17048818e+02 -1.35267380e+01  1.24537730e+00]]
house
[-888.2663105   418.46641768  330.71112429  330.71112429  329.88384325 -214.7360085  -245.59768083 -245.59768083]
****
*u*
[ -67.31756779  418.46641768  330.71112429  330.71112429  329.88384325 -214.7360085  -245.59768083 -245.59768083]
*u*
*w*
[ 1.         -0.47110468 -0.37231078 -0.37231078 -0.37137944  0.24174733  0.27649105  0.27649105]
betta
1.0819997209198855
ADASDAD
1 9 9
H
[[-0.08199972  0.50973513  0.40284016  0.40284016  0.40183245 -0.26157054 -0.29916323 -0.29916323]
 [ 0.50973513  0.75986139 -0.18977989 -0.18977989 -0.18930515  0.12322711  0.1409372   0.1409372 ]
 [ 0.40284016 -0.18977989  0.85001826 -0.14998174 -0.14960655  0.09738553  0.1113817   0.1113817 ]
 [ 0.40284016 -0.18977989 -0.14998174  0.85001826 -0.14960655  0.09738553  0.1113817   0.1113817 ]
 [ 0.40183245 -0.18930515 -0.14960655 -0.14960655  0.85076769  0.09714192  0.11110307  0.11110307]
 [-0.26157054  0.12322711  0.09738553  0.09738553  0.09714192  0.93676602 -0.07232191 -0.07232191]
 [-0.29916323  0.1409372   0.1113817   0.1113817   0.11110307 -0.07232191  0.91728404 -0.08271596]
 [-0.29916323  0.1409372   0.1113817   0.1113817   0.11110307 -0.07232191 -0.08271596  0.91728404]]

[[-6.73175678e+01  2.51062358e+01 -2.38434904e+00  4.14927211e+00  9.52269799e+00  8.42813647e+00  3.84535674e+00  1.06937608e+00]
 [ 4.18466418e+02 -3.19953451e+01 -3.20260968e+02 -1.10518871e+01 -1.23714158e+01 -9.67524146e+01  2.03010213e+02 -5.36690690e-01]
 [ 3.30711124e+02  9.08235997e+00 -2.77550022e+02 -1.00943957e+01 -8.77759487e+00 -1.00636148e+02  1.72925673e+02 -5.19182871e-01]
 [ 3.30711124e+02  9.08235997e+00 -2.77550022e+02 -1.00943957e+01 -8.77759487e+00 -1.00636148e+02  1.72925673e+02 -5.19182871e-01]
 [ 3.29883843e+02  2.24592813e+01  3.72527750e+02 -1.09956515e+01 -3.10689131e+00 -6.71277555e+01 -2.33964923e+02 -8.23694012e-03]
 [-2.14736009e+02  6.41858616e+00  3.14928068e+02 -5.99705450e-01  2.06743191e+00  1.14101085e+01 -2.08463287e+02  6.18657439e-01]
 [-2.45597681e+02  3.31249246e+01  3.03085371e+01  1.58517086e+01  1.27835968e+01  1.17048818e+02 -1.35267380e+01  1.24537730e+00]
 [-2.45597681e+02  3.31249246e+01  3.03085371e+01  1.58517086e+01  1.27835968e+01  1.17048818e+02 -1.35267380e+01  1.24537730e+00]]
MATRIX
[[ 8.20948743e+02 -2.35239413e+01 -3.37485911e+02 -2.78526713e+01 -2.35969327e+01 -2.31081839e+02  2.11095495e+02 -1.68982870e+00]
 [-5.51698423e-14 -9.08544093e+00 -1.62393053e+02  4.02437833e+00  3.23139732e+00  1.60818560e+01  1.05373702e+02  7.63183601e-01]
 [-3.65469001e-14  2.71878992e+01 -1.52788097e+02  1.82027290e+00  3.55320071e+00 -1.14640022e+01  9.57642123e+01  5.08098817e-01]
 [-3.62581777e-14  2.71878992e+01 -1.52788097e+02  1.82027290e+00  3.55320071e+00 -1.14640022e+01  9.57642123e+01  5.08098817e-01]
 [-2.19920719e-14  4.05195292e+01  4.96977579e+02  8.89212285e-01  9.19305852e+00  2.18213245e+01 -3.10933363e+02  1.01647498e+00]
 [ 1.11582823e-15 -5.33762930e+00  2.33918160e+02 -8.33608981e+00 -5.93915036e+00 -4.64907884e+01 -1.58361120e+02 -4.83729484e-02]
 [ 1.64742837e-14  1.96791161e+01 -6.23440441e+01  7.00345776e+00  3.62631550e+00  5.08264543e+01  4.37760695e+01  4.82481887e-01]
 [ 5.96050379e-15  1.96791161e+01 -6.23440441e+01  7.00345776e+00  3.62631550e+00  5.08264543e+01  4.37760695e+01  4.82481887e-01]]
[ 1.         -0.47110468 -0.37231078 -0.37231078 -0.37137944  0.24174733  0.27649105  0.27649105]
[[ 5.00707859e+01  8.69486496e+02 -8.91217979e-02 -5.67533565e-01 -3.21544233e-02 -4.05581820e-02 -1.93053594e-01 -8.63475402e-01 -2.97346973e-03]
 [-9.53629785e-02  8.20948743e+02 -2.35239413e+01 -3.37485911e+02 -2.78526713e+01 -2.35969327e+01 -2.31081839e+02  2.11095495e+02 -1.68982870e+00]
 [-1.93380601e-01 -4.71104682e-01 -9.08544093e+00 -1.62393053e+02  4.02437833e+00  3.23139732e+00  1.60818560e+01  1.05373702e+02  7.63183601e-01]
 [-3.54701271e-01 -3.72310782e-01  2.71878992e+01 -1.52788097e+02  1.82027290e+00  3.55320071e+00 -1.14640022e+01  9.57642123e+01  5.08098817e-01]
 [-3.54701271e-01 -3.72310782e-01  2.71878992e+01 -1.52788097e+02  1.82027290e+00  3.55320071e+00 -1.14640022e+01  9.57642123e+01  5.08098817e-01]
 [-5.20718619e-02 -3.71379438e-01  4.05195292e+01  4.96977579e+02  8.89212285e-01  9.19305852e+00  2.18213245e+01 -3.10933363e+02  1.01647498e+00]
 [-6.85102340e-01  2.41747330e-01 -5.33762930e+00  2.33918160e+02 -8.33608981e+00 -5.93915036e+00 -4.64907884e+01 -1.58361120e+02 -4.83729484e-02]
 [-3.70629135e-01  2.76491045e-01  1.96791161e+01 -6.23440441e+01  7.00345776e+00  3.62631550e+00  5.08264543e+01  4.37760695e+01  4.82481887e-01]
 [-3.70629135e-01  2.76491045e-01  1.96791161e+01 -6.23440441e+01  7.00345776e+00  3.62631550e+00  5.08264543e+01  4.37760695e+01  4.82481887e-01]]
house
[-485.85032186 -337.48591083  -27.85267132  -23.59693269 -231.08183866  211.09549522   -1.6898287 ]
v
*v*
[ -23.52394132 -337.48591083  -27.85267132  -23.59693269 -231.08183866  211.09549522   -1.6898287 ]
*v*
[ 1.          0.69462939  0.05732768  0.04856832  0.47562352 -0.43448668  0.00347808]
gamma
1.0508816764827729
[[ 5.00707859e+01  8.69486496e+02 -8.91217979e-02 -5.67533565e-01 -3.21544233e-02 -4.05581820e-02 -1.93053594e-01 -8.63475402e-01 -2.97346973e-03]
 [-9.53629785e-02  8.20948743e+02  4.62326381e+02  6.94629386e-01  5.73276791e-02  4.85683175e-02  4.75623517e-01 -4.34486684e-01  3.47808497e-03]
 [-1.93380601e-01 -4.71104682e-01  1.58669621e+02 -4.58654577e+01  1.36413867e+01  1.13789784e+01  9.58701085e+01  3.24863619e+01  1.34664996e+00]
 [-3.54701271e-01 -3.72310782e-01  1.59310350e+02 -6.10119605e+01  9.39454636e+00  9.97016585e+00  5.13765424e+01  3.83587668e+01  9.67631927e-01]
 [-3.54701271e-01 -3.72310782e-01  1.59310350e+02 -6.10119605e+01  9.39454636e+00  9.97016585e+00  5.13765424e+01  3.83587668e+01  9.67631927e-01]
 [-5.20718619e-02 -3.71379438e-01 -5.18245717e+02  1.08842819e+02 -3.11435024e+01 -1.79452294e+01 -2.43940567e+02 -6.81573038e+01 -9.26958021e-01]
 [-6.85102340e-01  2.41747330e-01 -2.18746448e+02  8.56781234e+01 -2.05703221e+01 -1.63040576e+01 -1.47993041e+02 -6.56378298e+01 -7.90626952e-01]
 [-3.70629135e-01  2.76491045e-01  3.84830224e+01 -4.92822982e+01  8.08144207e+00  4.53958959e+00  5.97700343e+01  3.56060226e+01  5.47883471e-01]
 [-3.70629135e-01  2.76491045e-01  3.84830224e+01 -4.92822982e+01  8.08144207e+00  4.53958959e+00  5.97700343e+01  3.56060226e+01  5.47883471e-01]]
house
[-470.08004447  159.31034999  159.31034999 -518.2457172  -218.74644782   38.48302239   38.48302239]
****
*u*
[ 158.66962087  159.31034999  159.31034999 -518.2457172  -218.74644782   38.48302239   38.48302239]
*u*
*w*
[ 1.         -0.33890047 -0.33890047  1.1024627   0.46533872 -0.08186483 -0.08186483]
betta
0.7476426157835718
ADASDAD
2 9 9
H
[[ 0.25235738  0.25337644  0.25337644 -0.8242481  -0.34790706  0.06120563  0.06120563]
 [ 0.25337644  0.91413061 -0.08586939  0.27933807  0.11790587 -0.02074262 -0.02074262]
 [ 0.25337644 -0.08586939  0.91413061  0.27933807  0.11790587 -0.02074262 -0.02074262]
 [-0.8242481   0.27933807  0.27933807  0.09129721 -0.38355456  0.06747693  0.06747693]
 [-0.34790706  0.11790587  0.11790587 -0.38355456  0.83810537  0.02848135  0.02848135]
 [ 0.06120563 -0.02074262 -0.02074262  0.06747693  0.02848135  0.99498941 -0.00501059]
 [ 0.06120563 -0.02074262 -0.02074262  0.06747693  0.02848135 -0.00501059  0.99498941]]

[[ 158.66962087  -45.86545773   13.64138667   11.37897842   95.87010848   32.48636187    1.34664996]
 [ 159.31034999  -61.01196052    9.39454636    9.97016585   51.37654243   38.35876676    0.96763193]
 [ 159.31034999  -61.01196052    9.39454636    9.97016585   51.37654243   38.35876676    0.96763193]
 [-518.2457172   108.84281932  -31.14350243  -17.94522937 -243.94056696  -68.15730382   -0.92695802]
 [-218.74644782   85.67812339  -20.57032207  -16.30405762 -147.99304119  -65.6378298    -0.79062695]
 [  38.48302239  -49.28229819    8.08144207    4.53958959   59.77003432   35.60602262    0.54788347]
 [  38.48302239  -49.28229819    8.08144207    4.53958959   59.77003432   35.60602262    0.54788347]]
MATRIX
[[ 6.28749665e+02 -1.68046693e+02  4.20190106e+01  2.89432943e+01  3.10100639e+02  1.11009560e+02  1.93636252e+00]
 [ 2.25741619e-14 -1.96046819e+01 -2.22643851e-01  4.01761086e+00 -2.12262859e+01  1.17472178e+01  7.67778061e-01]
 [-5.84754753e-15 -1.96046819e+01 -2.22643851e-01  4.01761086e+00 -2.12262859e+01  1.17472178e+01  7.67778061e-01]
 [-1.29348670e-13 -2.58574358e+01  1.41769601e-01  1.41877385e+00 -7.75939695e+00  1.84115932e+01 -2.76821917e-01]
 [-3.64930299e-15  2.88224633e+01 -7.36511478e+00 -8.13070128e+00 -4.83032796e+01 -2.90979452e+01 -5.16210862e-01]
 [ 4.40357843e-15 -3.92799523e+01  5.75831274e+00  3.10168988e+00  4.22320886e+01  2.91777345e+01  4.99606753e-01]
 [-2.02734928e-15 -3.92799523e+01  5.75831274e+00  3.10168988e+00  4.22320886e+01  2.91777345e+01  4.99606753e-01]]
[ 1.         -0.33890047 -0.33890047  1.1024627   0.46533872 -0.08186483 -0.08186483]
[[ 5.00707859e+01  8.69486496e+02 -8.91217979e-02 -5.67533565e-01 -3.21544233e-02 -4.05581820e-02 -1.93053594e-01 -8.63475402e-01 -2.97346973e-03]
 [-9.53629785e-02  8.20948743e+02  4.62326381e+02  6.94629386e-01  5.73276791e-02  4.85683175e-02  4.75623517e-01 -4.34486684e-01  3.47808497e-03]
 [-1.93380601e-01 -4.71104682e-01  6.28749665e+02 -1.68046693e+02  4.20190106e+01  2.89432943e+01  3.10100639e+02  1.11009560e+02  1.93636252e+00]
 [-3.54701271e-01 -3.72310782e-01 -3.38900474e-01 -1.96046819e+01 -2.22643851e-01  4.01761086e+00 -2.12262859e+01  1.17472178e+01  7.67778061e-01]
 [-3.54701271e-01 -3.72310782e-01 -3.38900474e-01 -1.96046819e+01 -2.22643851e-01  4.01761086e+00 -2.12262859e+01  1.17472178e+01  7.67778061e-01]
 [-5.20718619e-02 -3.71379438e-01  1.10246270e+00 -2.58574358e+01  1.41769601e-01  1.41877385e+00 -7.75939695e+00  1.84115932e+01 -2.76821917e-01]
 [-6.85102340e-01  2.41747330e-01  4.65338723e-01  2.88224633e+01 -7.36511478e+00 -8.13070128e+00 -4.83032796e+01 -2.90979452e+01 -5.16210862e-01]
 [-3.70629135e-01  2.76491045e-01 -8.18648288e-02 -3.92799523e+01  5.75831274e+00  3.10168988e+00  4.22320886e+01  2.91777345e+01  4.99606753e-01]
 [-3.70629135e-01  2.76491045e-01 -8.18648288e-02 -3.92799523e+01  5.75831274e+00  3.10168988e+00  4.22320886e+01  2.91777345e+01  4.99606753e-01]]
house
[-541.31908785   42.01901061   28.94329433  310.10063894  111.00955965    1.93636252]
v
*v*
[-168.04669308   42.01901061   28.94329433  310.10063894  111.00955965    1.93636252]
*v*
[ 1.         -0.07762337 -0.05346808 -0.57286108 -0.20507232 -0.00357712]
gamma
1.4501985558893438
[[ 5.00707859e+01  8.69486496e+02 -8.91217979e-02 -5.67533565e-01 -3.21544233e-02 -4.05581820e-02 -1.93053594e-01 -8.63475402e-01 -2.97346973e-03]
 [-9.53629785e-02  8.20948743e+02  4.62326381e+02  6.94629386e-01  5.73276791e-02  4.85683175e-02  4.75623517e-01 -4.34486684e-01  3.47808497e-03]
 [-1.93380601e-01 -4.71104682e-01  6.28749665e+02  3.73272395e+02 -7.76233677e-02 -5.34680838e-02 -5.72861083e-01 -2.05072317e-01 -3.57711849e-03]
 [-3.54701271e-01 -3.72310782e-01 -3.38900474e-01 -5.02398544e+00 -1.35444662e+00  3.23800896e+00 -2.95789995e+01  8.75712058e+00  7.15621182e-01]
 [-3.54701271e-01 -3.72310782e-01 -3.38900474e-01 -5.02398544e+00 -1.35444662e+00  3.23800896e+00 -2.95789995e+01  8.75712058e+00  7.15621182e-01]
 [-5.20718619e-02 -3.71379438e-01  1.10246270e+00  1.07948258e+01 -2.70330238e+00 -5.40952344e-01 -2.87560512e+01  1.08952290e+01 -4.07931400e-01]
 [-6.85102340e-01  2.41747330e-01  4.65338723e-01 -6.32201888e+01 -2.20454144e-01 -3.20935704e+00  4.42437377e+00 -1.02225452e+01 -1.86963389e-01]
 [-3.70629135e-01  2.76491045e-01 -8.18648288e-02  6.23372386e+01 -2.12955583e+00 -2.33158660e+00 -1.59804454e+01  8.33886167e+00  1.36110021e-01]
 [-3.70629135e-01  2.76491045e-01 -8.18648288e-02  6.23372386e+01 -2.12955583e+00 -2.33158660e+00 -1.59804454e+01  8.33886167e+00  1.36110021e-01]]
house
[-114.27445014   -5.02398544   10.79482577  -63.22018884   62.33723863   62.33723863]
****
*u*
[ -5.02398544  -5.02398544  10.79482577 -63.22018884  62.33723863  62.33723863]
*u*
*w*
[ 1.          0.04396421 -0.09446404  0.55323118 -0.5455046  -0.5455046 ]
betta
1.0459859411103272
ADASDAD
3 9 9
H
[[-0.04598594 -0.04598594  0.09880805 -0.57867204  0.57059015  0.57059015]
 [-0.04598594  0.99797826  0.00434402 -0.02544086  0.02508554  0.02508554]
 [ 0.09880805  0.00434402  0.99066619  0.0546637  -0.05390025 -0.05390025]
 [-0.57867204 -0.02544086  0.0546637   0.67986059  0.31566826  0.31566826]
 [ 0.57059015  0.02508554 -0.05390025  0.31566826  0.68874045 -0.31125955]
 [ 0.57059015  0.02508554 -0.05390025  0.31566826 -0.31125955  0.68874045]]

[[ -5.02398544  -1.35444662   3.23800896 -29.57899951   8.75712058   0.71562118]
 [ -5.02398544  -1.35444662   3.23800896 -29.57899951   8.75712058   0.71562118]
 [ 10.79482577  -2.70330238  -0.54095234 -28.75605123  10.89522896  -0.4079314 ]
 [-63.22018884  -0.22045414  -3.20935704   4.42437377 -10.22254523  -0.18696339]
 [ 62.33723863  -2.12955583  -2.3315866  -15.98044543   8.33886167   0.13611002]
 [ 62.33723863  -2.12955583  -2.3315866  -15.98044543   8.33886167   0.13611002]]
MATRIX
[[ 1.09250465e+02 -2.44517354e+00 -1.15485173e+00 -2.09177240e+01  1.57027732e+01  1.57392623e-01]
 [ 8.86445957e-17 -1.40239956e+00  3.04488033e+00 -2.91982134e+01  9.06248068e+00  6.91079106e-01]
 [-1.79804153e-15 -2.60026791e+00 -1.25984995e-01 -2.95742303e+01  1.02391146e+01 -3.55198878e-01]
 [ 1.40629099e-14 -8.23878288e-01 -5.63962454e+00  9.21606146e+00 -6.37999366e+00 -4.95792832e-01]
 [-7.05838983e-15 -1.53455927e+00  6.47391293e-02 -2.07052111e+01  4.54997621e+00  4.40626269e-01]
 [-3.50567615e-15 -1.53455927e+00  6.47391293e-02 -2.07052111e+01  4.54997621e+00  4.40626269e-01]]
[ 1.          0.04396421 -0.09446404  0.55323118 -0.5455046  -0.5455046 ]
[[ 5.00707859e+01  8.69486496e+02 -8.91217979e-02 -5.67533565e-01 -3.21544233e-02 -4.05581820e-02 -1.93053594e-01 -8.63475402e-01 -2.97346973e-03]
 [-9.53629785e-02  8.20948743e+02  4.62326381e+02  6.94629386e-01  5.73276791e-02  4.85683175e-02  4.75623517e-01 -4.34486684e-01  3.47808497e-03]
 [-1.93380601e-01 -4.71104682e-01  6.28749665e+02  3.73272395e+02 -7.76233677e-02 -5.34680838e-02 -5.72861083e-01 -2.05072317e-01 -3.57711849e-03]
 [-3.54701271e-01 -3.72310782e-01 -3.38900474e-01  1.09250465e+02 -2.44517354e+00 -1.15485173e+00 -2.09177240e+01  1.57027732e+01  1.57392623e-01]
 [-3.54701271e-01 -3.72310782e-01 -3.38900474e-01  4.39642057e-02 -1.40239956e+00  3.04488033e+00 -2.91982134e+01  9.06248068e+00  6.91079106e-01]
 [-5.20718619e-02 -3.71379438e-01  1.10246270e+00 -9.44640360e-02 -2.60026791e+00 -1.25984995e-01 -2.95742303e+01  1.02391146e+01 -3.55198878e-01]
 [-6.85102340e-01  2.41747330e-01  4.65338723e-01  5.53231179e-01 -8.23878288e-01 -5.63962454e+00  9.21606146e+00 -6.37999366e+00 -4.95792832e-01]
 [-3.70629135e-01  2.76491045e-01 -8.18648288e-02 -5.45504604e-01 -1.53455927e+00  6.47391293e-02 -2.07052111e+01  4.54997621e+00  4.40626269e-01]
 [-3.70629135e-01  2.76491045e-01 -8.18648288e-02 -5.45504604e-01 -1.53455927e+00  6.47391293e-02 -2.07052111e+01  4.54997621e+00  4.40626269e-01]]
house
[-28.74090683  -1.15485173 -20.91772396  15.70277317   0.15739262]
v
*v*
[ -2.44517354  -1.15485173 -20.91772396  15.70277317   0.15739262]
*v*
[ 1.          0.04018146  0.7278032  -0.54635622 -0.00547626]
gamma
1.0929874635860275
[[ 5.00707859e+01  8.69486496e+02 -8.91217979e-02 -5.67533565e-01 -3.21544233e-02 -4.05581820e-02 -1.93053594e-01 -8.63475402e-01 -2.97346973e-03]
 [-9.53629785e-02  8.20948743e+02  4.62326381e+02  6.94629386e-01  5.73276791e-02  4.85683175e-02  4.75623517e-01 -4.34486684e-01  3.47808497e-03]
 [-1.93380601e-01 -4.71104682e-01  6.28749665e+02  3.73272395e+02 -7.76233677e-02 -5.34680838e-02 -5.72861083e-01 -2.05072317e-01 -3.57711849e-03]
 [-3.54701271e-01 -3.72310782e-01 -3.38900474e-01  1.09250465e+02  2.62957333e+01  4.01814644e-02  7.27803200e-01 -5.46356218e-01 -5.47625808e-03]
 [-3.54701271e-01 -3.72310782e-01 -3.38900474e-01  4.39642057e-02  2.86391611e+01  4.25199423e+00 -7.33386942e+00 -7.35091280e+00  5.26563767e-01]
 [-5.20718619e-02 -3.71379438e-01  1.10246270e+00 -9.44640360e-02  2.98852960e+01  1.17933254e+00 -5.93113290e+00 -7.50957528e+00 -5.33098210e-01]
 [-6.85102340e-01  2.41747330e-01  4.65338723e-01  5.53231179e-01 -1.08197478e+01 -6.04127321e+00  1.94103567e+00 -9.18688215e-01 -4.41052871e-01]
 [-3.70629135e-01  2.76491045e-01 -8.18648288e-02 -5.45504604e-01  1.93301316e+01  9.03112965e-01 -5.51982231e+00 -6.84957741e+00  3.26365837e-01]
 [-3.70629135e-01  2.76491045e-01 -8.18648288e-02 -5.45504604e-01  1.93301316e+01  9.03112965e-01 -5.51982231e+00 -6.84957741e+00  3.26365837e-01]]
house
[-22.13196638  29.88529602 -10.81974777  19.33013164  19.33013164]
****
*u*
[ 28.63916112  29.88529602 -10.81974777  19.33013164  19.33013164]
*u*
*w*
[ 1.         -1.35032267  0.48887422 -0.87340326 -0.87340326]
betta
0.4359163854336468
ADASDAD
4 9 9
H
[[ 0.56408361  0.58862778 -0.21310828  0.38073079  0.38073079]
 [ 0.58862778  0.20516256  0.28776495 -0.51410942 -0.51410942]
 [-0.21310828  0.28776495  0.89581686  0.18612947  0.18612947]
 [ 0.38073079 -0.51410942  0.18612947  0.66746848 -0.33253152]
 [ 0.38073079 -0.51410942  0.18612947 -0.33253152  0.66746848]]

[[ 28.63916112   4.25199423  -7.33386942  -7.3509128    0.52656377]
 [ 29.88529602   1.17933254  -5.9311329   -7.50957528  -0.53309821]
 [-10.81974777  -6.04127321   1.94103567  -0.91868821  -0.44105287]
 [ 19.33013164   0.90311296  -5.51982231  -6.84957741   0.32636584]
 [ 19.33013164   0.90311296  -5.51982231  -6.84957741   0.32636584]]
MATRIX
[[ 5.07711275e+01  5.06779935e+00 -1.22449286e+01 -1.35867841e+01  3.25736645e-01]
 [-1.84463348e-15  7.77323795e-02  7.00381643e-01  9.10863117e-01 -2.61916794e-01]
 [ 7.07050294e-16 -5.64244712e+00 -4.59854539e-01 -3.96724492e+00 -5.39232073e-01]
 [-5.22175932e-15  1.90586108e-01 -1.23048722e+00 -1.40314708e+00  5.01768900e-01]
 [-5.59888996e-16  1.90586108e-01 -1.23048722e+00 -1.40314708e+00  5.01768900e-01]]
[ 1.         -1.35032267  0.48887422 -0.87340326 -0.87340326]
[[ 5.00707859e+01  8.69486496e+02 -8.91217979e-02 -5.67533565e-01 -3.21544233e-02 -4.05581820e-02 -1.93053594e-01 -8.63475402e-01 -2.97346973e-03]
 [-9.53629785e-02  8.20948743e+02  4.62326381e+02  6.94629386e-01  5.73276791e-02  4.85683175e-02  4.75623517e-01 -4.34486684e-01  3.47808497e-03]
 [-1.93380601e-01 -4.71104682e-01  6.28749665e+02  3.73272395e+02 -7.76233677e-02 -5.34680838e-02 -5.72861083e-01 -2.05072317e-01 -3.57711849e-03]
 [-3.54701271e-01 -3.72310782e-01 -3.38900474e-01  1.09250465e+02  2.62957333e+01  4.01814644e-02  7.27803200e-01 -5.46356218e-01 -5.47625808e-03]
 [-3.54701271e-01 -3.72310782e-01 -3.38900474e-01  4.39642057e-02  5.07711275e+01  5.06779935e+00 -1.22449286e+01 -1.35867841e+01  3.25736645e-01]
 [-5.20718619e-02 -3.71379438e-01  1.10246270e+00 -9.44640360e-02 -1.35032267e+00  7.77323795e-02  7.00381643e-01  9.10863117e-01 -2.61916794e-01]
 [-6.85102340e-01  2.41747330e-01  4.65338723e-01  5.53231179e-01  4.88874218e-01 -5.64244712e+00 -4.59854539e-01 -3.96724492e+00 -5.39232073e-01]
 [-3.70629135e-01  2.76491045e-01 -8.18648288e-02 -5.45504604e-01 -8.73403262e-01  1.90586108e-01 -1.23048722e+00 -1.40314708e+00  5.01768900e-01]
 [-3.70629135e-01  2.76491045e-01 -8.18648288e-02 -5.45504604e-01 -8.73403262e-01  1.90586108e-01 -1.23048722e+00 -1.40314708e+00  5.01768900e-01]]
house
[-13.91449958 -12.24492859 -13.58678409   0.32573665]
v
*v*
[  5.06779935 -12.24492859 -13.58678409   0.32573665]
*v*
[ 1.          0.88001214  0.97644791 -0.02340987]
gamma
0.7330249950426726
[[ 5.00707859e+01  8.69486496e+02 -8.91217979e-02 -5.67533565e-01 -3.21544233e-02 -4.05581820e-02 -1.93053594e-01 -8.63475402e-01 -2.97346973e-03]
 [-9.53629785e-02  8.20948743e+02  4.62326381e+02  6.94629386e-01  5.73276791e-02  4.85683175e-02  4.75623517e-01 -4.34486684e-01  3.47808497e-03]
 [-1.93380601e-01 -4.71104682e-01  6.28749665e+02  3.73272395e+02 -7.76233677e-02 -5.34680838e-02 -5.72861083e-01 -2.05072317e-01 -3.57711849e-03]
 [-3.54701271e-01 -3.72310782e-01 -3.38900474e-01  1.09250465e+02  2.62957333e+01  4.01814644e-02  7.27803200e-01 -5.46356218e-01 -5.47625808e-03]
 [-3.54701271e-01 -3.72310782e-01 -3.38900474e-01  4.39642057e-02  5.07711275e+01  1.89822989e+01  8.80012143e-01  9.76447914e-01 -2.34098714e-02]
 [-5.20718619e-02 -3.71379438e-01  1.10246270e+00 -9.44640360e-02 -1.35032267e+00 -1.08749776e+00 -3.25035026e-01 -2.26923419e-01 -2.34638906e-01]
 [-6.85102340e-01  2.41747330e-01  4.65338723e-01  5.53231179e-01  4.88874218e-01  1.62059131e+00  5.93170747e+00  3.12473380e+00 -7.09258869e-01]
 [-3.70629135e-01  2.76491045e-01 -8.18648288e-02 -5.45504604e-01 -8.73403262e-01  1.85756116e+00  2.36471071e-01  2.24567231e-01  4.62745228e-01]
 [-3.70629135e-01  2.76491045e-01 -8.18648288e-02 -5.45504604e-01 -8.73403262e-01  1.85756116e+00  2.36471071e-01  2.24567231e-01  4.62745228e-01]]
house
[-4.36011666  1.62059131  1.85756116  1.85756116]
****
*u*
[-1.08749776  1.62059131  1.85756116  1.85756116]
*u*
*w*
[ 1.         -0.37168531 -0.42603474 -0.42603474]
betta
1.3323019846462987
ADASDAD
5 9 9
H
[[-0.33230198  0.49519707  0.56760693  0.56760693]
 [ 0.49519707  0.81594252 -0.21097116 -0.21097116]
 [ 0.56760693 -0.21097116  0.75817973 -0.24182027]
 [ 0.56760693 -0.21097116 -0.24182027  0.75817973]]

[[-1.08749776 -0.32503503 -0.22692342 -0.23463891]
 [ 1.62059131  5.93170747  3.1247338  -0.70925887]
 [ 1.85756116  0.23647107  0.22456723  0.46274523]
 [ 1.85756116  0.23647107  0.22456723  0.46274523]]
MATRIX
[[ 3.27261890e+00  3.31381920e+00  1.87769797e+00  2.52062852e-01]
 [ 3.29972931e-17  4.57919881e+00  2.34247695e+00 -8.90158762e-01]
 [-1.49010609e-16 -1.31380724e+00 -6.72074593e-01  2.55393372e-01]
 [-2.44544111e-16 -1.31380724e+00 -6.72074593e-01  2.55393372e-01]]
[ 1.         -0.37168531 -0.42603474 -0.42603474]
[[ 5.00707859e+01  8.69486496e+02 -8.91217979e-02 -5.67533565e-01 -3.21544233e-02 -4.05581820e-02 -1.93053594e-01 -8.63475402e-01 -2.97346973e-03]
 [-9.53629785e-02  8.20948743e+02  4.62326381e+02  6.94629386e-01  5.73276791e-02  4.85683175e-02  4.75623517e-01 -4.34486684e-01  3.47808497e-03]
 [-1.93380601e-01 -4.71104682e-01  6.28749665e+02  3.73272395e+02 -7.76233677e-02 -5.34680838e-02 -5.72861083e-01 -2.05072317e-01 -3.57711849e-03]
 [-3.54701271e-01 -3.72310782e-01 -3.38900474e-01  1.09250465e+02  2.62957333e+01  4.01814644e-02  7.27803200e-01 -5.46356218e-01 -5.47625808e-03]
 [-3.54701271e-01 -3.72310782e-01 -3.38900474e-01  4.39642057e-02  5.07711275e+01  1.89822989e+01  8.80012143e-01  9.76447914e-01 -2.34098714e-02]
 [-5.20718619e-02 -3.71379438e-01  1.10246270e+00 -9.44640360e-02 -1.35032267e+00  3.27261890e+00  3.31381920e+00  1.87769797e+00  2.52062852e-01]
 [-6.85102340e-01  2.41747330e-01  4.65338723e-01  5.53231179e-01  4.88874218e-01 -3.71685309e-01  4.57919881e+00  2.34247695e+00 -8.90158762e-01]
 [-3.70629135e-01  2.76491045e-01 -8.18648288e-02 -5.45504604e-01 -8.73403262e-01 -4.26034739e-01 -1.31380724e+00 -6.72074593e-01  2.55393372e-01]
 [-3.70629135e-01  2.76491045e-01 -8.18648288e-02 -5.45504604e-01 -8.73403262e-01 -4.26034739e-01 -1.31380724e+00 -6.72074593e-01  2.55393372e-01]]
house
[-0.50333721  1.87769797  0.25206285]
v
*v*
[3.3138192  1.87769797 0.25206285]
*v*
[ 1.         -3.73049706 -0.50078327]
gamma
0.13186182426605164
[[ 5.00707859e+01  8.69486496e+02 -8.91217979e-02 -5.67533565e-01 -3.21544233e-02 -4.05581820e-02 -1.93053594e-01 -8.63475402e-01 -2.97346973e-03]
 [-9.53629785e-02  8.20948743e+02  4.62326381e+02  6.94629386e-01  5.73276791e-02  4.85683175e-02  4.75623517e-01 -4.34486684e-01  3.47808497e-03]
 [-1.93380601e-01 -4.71104682e-01  6.28749665e+02  3.73272395e+02 -7.76233677e-02 -5.34680838e-02 -5.72861083e-01 -2.05072317e-01 -3.57711849e-03]
 [-3.54701271e-01 -3.72310782e-01 -3.38900474e-01  1.09250465e+02  2.62957333e+01  4.01814644e-02  7.27803200e-01 -5.46356218e-01 -5.47625808e-03]
 [-3.54701271e-01 -3.72310782e-01 -3.38900474e-01  4.39642057e-02  5.07711275e+01  1.89822989e+01  8.80012143e-01  9.76447914e-01 -2.34098714e-02]
 [-5.20718619e-02 -3.71379438e-01  1.10246270e+00 -9.44640360e-02 -1.35032267e+00  3.27261890e+00  3.81715641e+00 -3.73049706e+00 -5.00783269e-01]
 [-6.85102340e-01  2.41747330e-01  4.65338723e-01  5.53231179e-01  4.88874218e-01 -3.71685309e-01  5.06888457e+00  5.15705681e-01 -1.13538520e+00]
 [-3.70629135e-01  2.76491045e-01 -8.18648288e-02 -5.45504604e-01 -8.73403262e-01 -4.26034739e-01 -1.45430184e+00 -1.47959913e-01  3.25750716e-01]
 [-3.70629135e-01  2.76491045e-01 -8.18648288e-02 -5.45504604e-01 -8.73403262e-01 -4.26034739e-01 -1.45430184e+00 -1.47959913e-01  3.25750716e-01]]
house
[-0.40136026 -1.45430184 -1.45430184]
****
*u*
[ 5.06888457 -1.45430184 -1.45430184]
*u*
*w*
[1.         3.62343261 3.62343261]
betta
0.07337153422687956
ADASDAD
6 9 9
H
[[ 0.92662847 -0.26585681 -0.26585681]
 [-0.26585681  0.03668577 -0.96331423]
 [-0.26585681 -0.96331423  0.03668577]]

[[ 5.06888457  0.51570568 -1.1353852 ]
 [-1.45430184 -0.14795991  0.32575072]
 [-1.45430184 -0.14795991  0.32575072]]
MATRIX
[[ 5.47024482e+00  5.56539865e-01 -1.22528633e+00]
 [ 2.56621310e-16 -2.28928680e-15  2.30849655e-15]
 [ 1.24637496e-16  7.74947118e-16  6.16970499e-16]]
[1.         3.62343261 3.62343261]
[[ 5.00707859e+01  8.69486496e+02 -8.91217979e-02 -5.67533565e-01 -3.21544233e-02 -4.05581820e-02 -1.93053594e-01 -8.63475402e-01 -2.97346973e-03]
 [-9.53629785e-02  8.20948743e+02  4.62326381e+02  6.94629386e-01  5.73276791e-02  4.85683175e-02  4.75623517e-01 -4.34486684e-01  3.47808497e-03]
 [-1.93380601e-01 -4.71104682e-01  6.28749665e+02  3.73272395e+02 -7.76233677e-02 -5.34680838e-02 -5.72861083e-01 -2.05072317e-01 -3.57711849e-03]
 [-3.54701271e-01 -3.72310782e-01 -3.38900474e-01  1.09250465e+02  2.62957333e+01  4.01814644e-02  7.27803200e-01 -5.46356218e-01 -5.47625808e-03]
 [-3.54701271e-01 -3.72310782e-01 -3.38900474e-01  4.39642057e-02  5.07711275e+01  1.89822989e+01  8.80012143e-01  9.76447914e-01 -2.34098714e-02]
 [-5.20718619e-02 -3.71379438e-01  1.10246270e+00 -9.44640360e-02 -1.35032267e+00  3.27261890e+00  3.81715641e+00 -3.73049706e+00 -5.00783269e-01]
 [-6.85102340e-01  2.41747330e-01  4.65338723e-01  5.53231179e-01  4.88874218e-01 -3.71685309e-01  5.47024482e+00  5.56539865e-01 -1.22528633e+00]
 [-3.70629135e-01  2.76491045e-01 -8.18648288e-02 -5.45504604e-01 -8.73403262e-01 -4.26034739e-01  3.62343261e+00 -2.28928680e-15  2.30849655e-15]
 [-3.70629135e-01  2.76491045e-01 -8.18648288e-02 -5.45504604e-01 -8.73403262e-01 -4.26034739e-01  3.62343261e+00  7.74947118e-16  6.16970499e-16]]
house
[-0.78921762 -1.22528633]
v
*v*
[ 0.55653987 -1.22528633]
*v*
[1.         1.55253291]
gamma
0.5864486215271691
[[ 5.00707859e+01  8.69486496e+02 -8.91217979e-02 -5.67533565e-01 -3.21544233e-02 -4.05581820e-02 -1.93053594e-01 -8.63475402e-01 -2.97346973e-03]
 [-9.53629785e-02  8.20948743e+02  4.62326381e+02  6.94629386e-01  5.73276791e-02  4.85683175e-02  4.75623517e-01 -4.34486684e-01  3.47808497e-03]
 [-1.93380601e-01 -4.71104682e-01  6.28749665e+02  3.73272395e+02 -7.76233677e-02 -5.34680838e-02 -5.72861083e-01 -2.05072317e-01 -3.57711849e-03]
 [-3.54701271e-01 -3.72310782e-01 -3.38900474e-01  1.09250465e+02  2.62957333e+01  4.01814644e-02  7.27803200e-01 -5.46356218e-01 -5.47625808e-03]
 [-3.54701271e-01 -3.72310782e-01 -3.38900474e-01  4.39642057e-02  5.07711275e+01  1.89822989e+01  8.80012143e-01  9.76447914e-01 -2.34098714e-02]
 [-5.20718619e-02 -3.71379438e-01  1.10246270e+00 -9.44640360e-02 -1.35032267e+00  3.27261890e+00  3.81715641e+00 -3.73049706e+00 -5.00783269e-01]
 [-6.85102340e-01  2.41747330e-01  4.65338723e-01  5.53231179e-01  4.88874218e-01 -3.71685309e-01  5.47024482e+00  1.34575749e+00  1.55253291e+00]
 [-3.70629135e-01  2.76491045e-01 -8.18648288e-02 -5.45504604e-01 -8.73403262e-01 -4.26034739e-01  3.62343261e+00 -3.04857946e-15  1.12966971e-15]
 [-3.70629135e-01  2.76491045e-01 -8.18648288e-02 -5.45504604e-01 -8.73403262e-01 -4.26034739e-01  3.62343261e+00 -2.41259334e-16 -9.60723460e-16]]
****
*u*
[-3.04857946e-15 -2.41259334e-16]
*u*
*w*
[ 1.00000000e+00 -2.41259334e-16]
betta
0.0
ADASDAD
7 9 9
H
[[1. 0.]
 [0. 1.]]

[[-3.04857946e-15  1.12966971e-15]
 [-2.41259334e-16 -9.60723460e-16]]
MATRIX
[[-3.04857946e-15  1.12966971e-15]
 [-2.41259334e-16 -9.60723460e-16]]
[ 1.00000000e+00 -2.41259334e-16]
[[ 5.00707859e+01  8.69486496e+02 -8.91217979e-02 -5.67533565e-01 -3.21544233e-02 -4.05581820e-02 -1.93053594e-01 -8.63475402e-01 -2.97346973e-03]
 [-9.53629785e-02  8.20948743e+02  4.62326381e+02  6.94629386e-01  5.73276791e-02  4.85683175e-02  4.75623517e-01 -4.34486684e-01  3.47808497e-03]
 [-1.93380601e-01 -4.71104682e-01  6.28749665e+02  3.73272395e+02 -7.76233677e-02 -5.34680838e-02 -5.72861083e-01 -2.05072317e-01 -3.57711849e-03]
 [-3.54701271e-01 -3.72310782e-01 -3.38900474e-01  1.09250465e+02  2.62957333e+01  4.01814644e-02  7.27803200e-01 -5.46356218e-01 -5.47625808e-03]
 [-3.54701271e-01 -3.72310782e-01 -3.38900474e-01  4.39642057e-02  5.07711275e+01  1.89822989e+01  8.80012143e-01  9.76447914e-01 -2.34098714e-02]
 [-5.20718619e-02 -3.71379438e-01  1.10246270e+00 -9.44640360e-02 -1.35032267e+00  3.27261890e+00  3.81715641e+00 -3.73049706e+00 -5.00783269e-01]
 [-6.85102340e-01  2.41747330e-01  4.65338723e-01  5.53231179e-01  4.88874218e-01 -3.71685309e-01  5.47024482e+00  1.34575749e+00  1.55253291e+00]
 [-3.70629135e-01  2.76491045e-01 -8.18648288e-02 -5.45504604e-01 -8.73403262e-01 -4.26034739e-01  3.62343261e+00 -3.04857946e-15  1.12966971e-15]
 [-3.70629135e-01  2.76491045e-01 -8.18648288e-02 -5.45504604e-01 -8.73403262e-01 -4.26034739e-01  3.62343261e+00 -2.41259334e-16 -9.60723460e-16]]
v
*v*
[1.12966971e-15]
*v*
[1.]
gamma
0.0
[[ 5.00707859e+01  8.69486496e+02 -8.91217979e-02 -5.67533565e-01 -3.21544233e-02 -4.05581820e-02 -1.93053594e-01 -8.63475402e-01 -2.97346973e-03]
 [-9.53629785e-02  8.20948743e+02  4.62326381e+02  6.94629386e-01  5.73276791e-02  4.85683175e-02  4.75623517e-01 -4.34486684e-01  3.47808497e-03]
 [-1.93380601e-01 -4.71104682e-01  6.28749665e+02  3.73272395e+02 -7.76233677e-02 -5.34680838e-02 -5.72861083e-01 -2.05072317e-01 -3.57711849e-03]
 [-3.54701271e-01 -3.72310782e-01 -3.38900474e-01  1.09250465e+02  2.62957333e+01  4.01814644e-02  7.27803200e-01 -5.46356218e-01 -5.47625808e-03]
 [-3.54701271e-01 -3.72310782e-01 -3.38900474e-01  4.39642057e-02  5.07711275e+01  1.89822989e+01  8.80012143e-01  9.76447914e-01 -2.34098714e-02]
 [-5.20718619e-02 -3.71379438e-01  1.10246270e+00 -9.44640360e-02 -1.35032267e+00  3.27261890e+00  3.81715641e+00 -3.73049706e+00 -5.00783269e-01]
 [-6.85102340e-01  2.41747330e-01  4.65338723e-01  5.53231179e-01  4.88874218e-01 -3.71685309e-01  5.47024482e+00  1.34575749e+00  1.55253291e+00]
 [-3.70629135e-01  2.76491045e-01 -8.18648288e-02 -5.45504604e-01 -8.73403262e-01 -4.26034739e-01  3.62343261e+00 -3.04857946e-15  1.12966971e-15]
 [-3.70629135e-01  2.76491045e-01 -8.18648288e-02 -5.45504604e-01 -8.73403262e-01 -4.26034739e-01  3.62343261e+00 -2.41259334e-16 -9.60723460e-16]]
****
*u*
[-9.6072346e-16]
*u*
*w*
[1.]
betta
0.0
ADASDAD
8 9 9
H
[[1.]]

[[-9.6072346e-16]]
MATRIX
[[-9.6072346e-16]]
[1.]
[[ 5.00707859e+01  8.69486496e+02 -8.91217979e-02 -5.67533565e-01 -3.21544233e-02 -4.05581820e-02 -1.93053594e-01 -8.63475402e-01 -2.97346973e-03]
 [-9.53629785e-02  8.20948743e+02  4.62326381e+02  6.94629386e-01  5.73276791e-02  4.85683175e-02  4.75623517e-01 -4.34486684e-01  3.47808497e-03]
 [-1.93380601e-01 -4.71104682e-01  6.28749665e+02  3.73272395e+02 -7.76233677e-02 -5.34680838e-02 -5.72861083e-01 -2.05072317e-01 -3.57711849e-03]
 [-3.54701271e-01 -3.72310782e-01 -3.38900474e-01  1.09250465e+02  2.62957333e+01  4.01814644e-02  7.27803200e-01 -5.46356218e-01 -5.47625808e-03]
 [-3.54701271e-01 -3.72310782e-01 -3.38900474e-01  4.39642057e-02  5.07711275e+01  1.89822989e+01  8.80012143e-01  9.76447914e-01 -2.34098714e-02]
 [-5.20718619e-02 -3.71379438e-01  1.10246270e+00 -9.44640360e-02 -1.35032267e+00  3.27261890e+00  3.81715641e+00 -3.73049706e+00 -5.00783269e-01]
 [-6.85102340e-01  2.41747330e-01  4.65338723e-01  5.53231179e-01  4.88874218e-01 -3.71685309e-01  5.47024482e+00  1.34575749e+00  1.55253291e+00]
 [-3.70629135e-01  2.76491045e-01 -8.18648288e-02 -5.45504604e-01 -8.73403262e-01 -4.26034739e-01  3.62343261e+00 -3.04857946e-15  1.12966971e-15]
 [-3.70629135e-01  2.76491045e-01 -8.18648288e-02 -5.45504604e-01 -8.73403262e-01 -4.26034739e-01  3.62343261e+00 -2.41259334e-16 -9.60723460e-16]]
[[ 5.00707859e+01  8.69486496e+02 -8.91217979e-02 -5.67533565e-01 -3.21544233e-02 -4.05581820e-02 -1.93053594e-01 -8.63475402e-01 -2.97346973e-03]
 [-9.53629785e-02  8.20948743e+02  4.62326381e+02  6.94629386e-01  5.73276791e-02  4.85683175e-02  4.75623517e-01 -4.34486684e-01  3.47808497e-03]
 [-1.93380601e-01 -4.71104682e-01  6.28749665e+02  3.73272395e+02 -7.76233677e-02 -5.34680838e-02 -5.72861083e-01 -2.05072317e-01 -3.57711849e-03]
 [-3.54701271e-01 -3.72310782e-01 -3.38900474e-01  1.09250465e+02  2.62957333e+01  4.01814644e-02  7.27803200e-01 -5.46356218e-01 -5.47625808e-03]
 [-3.54701271e-01 -3.72310782e-01 -3.38900474e-01  4.39642057e-02  5.07711275e+01  1.89822989e+01  8.80012143e-01  9.76447914e-01 -2.34098714e-02]
