Fundamental
[[ 1.95072290e-09  2.06742897e-06 -1.03329847e-03]
 [ 2.00849693e-06 -6.71397662e-08  2.28991361e-03]
 [-1.00696229e-03 -4.25507538e-03  1.00000000e+00]]
******************
[[618.5]
 [618.5]
 [1]]
[[650.0]
 [600.0]
 [1]]
[[0.1202032899432599]]
******************
Essential
[[ 4.99385063e-03  5.29261816e+00  2.22620135e-03]
 [ 5.14175214e+00 -1.71877801e-01  5.21694750e+00]
 [-2.78153851e-03 -5.20788924e+00 -2.70497572e-05]]
##########################
[[-7.85501760e-04  8.49057726e-03 -9.99963646e-01]
 [ 8.47538912e-03  9.99928095e-01  8.48361773e-03]
 [ 9.99963775e-01 -8.46841711e-03 -8.57406225e-04]]
[[ 7.01373374e-01]
 [-2.95597654e-04]
 [ 7.12794011e-01]]
8
ASDASSAD
[[ 1.88248688e-08  1.46553336e-05 -1.00000000e+00]
 [ 1.21329510e-05  1.00000000e+00  1.46553338e-05]
 [ 1.00000000e+00 -1.21329513e-05  1.86470562e-08]]
[[ 7.07037731e-01]
 [-6.48587228e-06]
 [ 7.07175825e-01]]
8
[[4.0202500e+05 4.0202500e+05 6.5000000e+02 3.7110000e+05 3.7110000e+05 6.0000000e+02 6.1850000e+02 6.1850000e+02 1.0000000e+00]
 [1.2530100e+05 2.2782000e+05 3.7970000e+02 2.0469900e+05 3.7218000e+05 6.2030000e+02 3.3000000e+02 6.0000000e+02 1.0000000e+00]
 [1.8994157e+05 2.6788112e+05 4.4410000e+02 2.6170963e+05 3.6909808e+05 6.1190000e+02 4.2770000e+02 6.0320000e+02 1.0000000e+00]
 [3.4208760e+05 3.7736385e+05 6.1350000e+02 3.3634432e+05 3.7102832e+05 6.0320000e+02 5.5760000e+02 6.1510000e+02 1.0000000e+00]
 [4.0202500e+05 3.6354500e+05 6.5000000e+02 3.4017500e+05 3.0761500e+05 5.5000000e+02 6.1850000e+02 5.5930000e+02 1.0000000e+00]
 [1.2530100e+05 1.8985000e+05 3.7970000e+02 1.6500000e+05 2.5000000e+05 5.0000000e+02 3.3000000e+02 5.0000000e+02 1.0000000e+00]
 [1.8994157e+05 2.2205000e+05 4.4410000e+02 2.1385000e+05 2.5000000e+05 5.0000000e+02 4.2770000e+02 5.0000000e+02 1.0000000e+00]
 [3.4208760e+05 3.0675000e+05 6.1350000e+02 2.7880000e+05 2.5000000e+05 5.0000000e+02 5.5760000e+02 5.0000000e+02 1.0000000e+00]]
[1.67262805e+06 2.48538573e+05 1.82973973e+04 1.63565742e+04 2.46877733e+02 1.95274871e+01 3.82047801e+00 1.12756280e+00]
[[-4.75752360e-01 -5.13842550e-01 -8.98936639e-04 -4.73430523e-01 -5.34308724e-01 -9.31801567e-04 -8.35609547e-04 -9.37145662e-04 -1.64603925e-06]
 [ 6.67627330e-01  8.11026085e-02  2.31731462e-04  7.23077165e-02 -7.36522201e-01 -1.19327948e-03  2.84496482e-04 -1.09421753e-03 -1.76144429e-06]
 [-1.98951165e-01 -4.53079848e-01 -1.24457150e-03  8.56608774e-01 -1.46133168e-01 -6.64339901e-04  1.13107341e-03 -5.66337246e-04 -1.83297985e-06]
 [-5.36981687e-01  7.23951590e-01 -7.30398692e-04  1.91974298e-01 -3.88183761e-01 -1.56565211e-03 -8.20148987e-04 -5.85579602e-04 -2.39674206e-06]
 [-1.37403231e-03  1.48790997e-04  5.06261367e-01  2.51408176e-04 -2.51549835e-03  5.38360348e-01  4.33849305e-01  5.15393399e-01  1.92030900e-03]
 [-8.05870238e-04 -1.55072198e-04  6.92200699e-01 -4.00287469e-06  8.60589948e-04 -2.04496437e-01  2.23996028e-01 -6.54875449e-01 -1.38270316e-03]
 [ 3.93829853e-05 -8.00205413e-04  4.66833941e-01  1.50414565e-03 -4.95547801e-04  9.49428223e-02 -8.62907234e-01  1.68641257e-01  1.15041137e-04]
 [ 5.95460741e-05 -5.10586541e-04  2.15915917e-01 -2.90404668e-04  6.21078454e-04 -8.11988151e-01  1.30337728e-01  5.26352557e-01  4.45948076e-03]
 [-4.58678044e-09  2.07058200e-06 -1.03166641e-03  2.01206517e-06 -6.72767835e-08  2.29356775e-03 -1.00538705e-03 -4.26193297e-03  9.99987250e-01]]
asdasdasdasdasdasdasdasdsd
[[ 9.91757559e-10  2.06812615e-06 -1.03167957e-03]
 [ 2.01342917e-06 -6.78731524e-08  2.29359700e-03]
 [-1.00539987e-03 -4.26198731e-03  1.00000000e+00]]
asdasdasdasdasdasdasdasdsd
[[4.0202500e+05 4.0202500e+05 6.5000000e+02 3.7110000e+05 3.7110000e+05 6.0000000e+02 6.1850000e+02 6.1850000e+02 1.0000000e+00]
 [1.2530100e+05 2.2782000e+05 3.7970000e+02 2.0469900e+05 3.7218000e+05 6.2030000e+02 3.3000000e+02 6.0000000e+02 1.0000000e+00]
 [1.8994157e+05 2.6788112e+05 4.4410000e+02 2.6170963e+05 3.6909808e+05 6.1190000e+02 4.2770000e+02 6.0320000e+02 1.0000000e+00]
 [3.4208760e+05 3.7736385e+05 6.1350000e+02 3.3634432e+05 3.7102832e+05 6.0320000e+02 5.5760000e+02 6.1510000e+02 1.0000000e+00]
 [4.0202500e+05 3.6354500e+05 6.5000000e+02 3.4017500e+05 3.0761500e+05 5.5000000e+02 6.1850000e+02 5.5930000e+02 1.0000000e+00]
 [1.2530100e+05 1.8985000e+05 3.7970000e+02 1.6500000e+05 2.5000000e+05 5.0000000e+02 3.3000000e+02 5.0000000e+02 1.0000000e+00]
 [1.8994157e+05 2.2205000e+05 4.4410000e+02 2.1385000e+05 2.5000000e+05 5.0000000e+02 4.2770000e+02 5.0000000e+02 1.0000000e+00]
 [3.4208760e+05 3.0675000e+05 6.1350000e+02 2.7880000e+05 2.5000000e+05 5.0000000e+02 5.5760000e+02 5.0000000e+02 1.0000000e+00]]
[1.67262805e+06 2.48538573e+05 1.82973973e+04 1.63565742e+04 2.46877733e+02 1.95274871e+01 3.82047801e+00 1.12756280e+00]
[[-4.75752360e-01 -5.13842550e-01 -8.98936639e-04 -4.73430523e-01 -5.34308724e-01 -9.31801567e-04 -8.35609547e-04 -9.37145662e-04 -1.64603925e-06]
 [ 6.67627330e-01  8.11026085e-02  2.31731462e-04  7.23077165e-02 -7.36522201e-01 -1.19327948e-03  2.84496482e-04 -1.09421753e-03 -1.76144429e-06]
 [-1.98951165e-01 -4.53079848e-01 -1.24457150e-03  8.56608774e-01 -1.46133168e-01 -6.64339901e-04  1.13107341e-03 -5.66337246e-04 -1.83297985e-06]
 [-5.36981687e-01  7.23951590e-01 -7.30398692e-04  1.91974298e-01 -3.88183761e-01 -1.56565211e-03 -8.20148987e-04 -5.85579602e-04 -2.39674206e-06]
 [-1.37403231e-03  1.48790997e-04  5.06261367e-01  2.51408176e-04 -2.51549835e-03  5.38360348e-01  4.33849305e-01  5.15393399e-01  1.92030900e-03]
 [-8.05870238e-04 -1.55072198e-04  6.92200699e-01 -4.00287469e-06  8.60589948e-04 -2.04496437e-01  2.23996028e-01 -6.54875449e-01 -1.38270316e-03]
 [ 3.93829853e-05 -8.00205413e-04  4.66833941e-01  1.50414565e-03 -4.95547801e-04  9.49428223e-02 -8.62907234e-01  1.68641257e-01  1.15041137e-04]
 [ 5.95460741e-05 -5.10586541e-04  2.15915917e-01 -2.90404668e-04  6.21078454e-04 -8.11988151e-01  1.30337728e-01  5.26352557e-01  4.45948076e-03]
 [-4.58678044e-09  2.07058200e-06 -1.03166641e-03  2.01206517e-06 -6.72767835e-08  2.29356775e-03 -1.00538705e-03 -4.26193297e-03  9.99987250e-01]]
[[ 2.53886698e-03  5.29433544e+00  4.60695873e-03]
 [ 5.15431295e+00 -1.73753055e-01  5.22613337e+00]
 [ 2.89691249e-03 -5.21891076e+00  9.33591679e-04]]
[[-2.28727522e-04  9.17026856e-03 -9.99957926e-01]
 [ 7.61567424e-03  9.99928970e-01  9.16826102e-03]
 [ 9.99970974e-01 -7.61325679e-03 -2.98549054e-04]]
[[ 0.70200314]
 [-0.00074605]
 [ 0.71217346]]
8
